]633;E;for i in {1..150};501cf3de-b739-449b-80d3-7bcb2738fae6]633;C72
211
786
591
257
63
825
50
889
363
207
823
708
605
584
903
723
325
596
741
320
522
409
661
885
508
537
327
747
559
607
762
886
279
578
610
28
366
523
796
630
994
134
438
849
93
350
345
241
646
826
340
849
292
700
220
299
722
478
274
99
107
935
13
543
115
184
716
740
121
86
189
606
106
324
153
198
711
914
874
474
524
285
544
96
62
600
713
761
436
413
639
269
327
96
438
722
839
535
551
307
341
908
394
338
167
344
221
501
657
376
404
243
759
446
575
937
737
845
579
204
423
974
251
379
73
560
40
54
811
220
119
977
710
295
625
958
861
791
543
782
199
660
772
912
52
879
649
143
876
